101010110
001110010
010110111
101111110
011000110
011001101
111010010
010111111
010001111
110101101
110010110
100101100
111011111
010110001
110001101
101101000
100011101
000010110
000110100
111011011
110000010
011111010
011110000
000000110
011010100
011000000
101111001
011011001
011101110
110110001
100101100
000010000
000000000
101001110
010000110
000001010
001000000
000100100
111001001
011101110
111001111
000101110
010100011
101000010
101110110
111101010
001010100
111010100
110011101
101010010
001110100
110111101
001000000
110000010
000011101
011001111
100011010
100001010
000101100
110100101
110110111
110111011
000000000
000011010
010111101
100001100
111111101
011110000
111011111
000011101
010111101
010100011
000101100
100001000
110101011
100000100
010010000
111110010
100011101
011001111
000110100
110000000
001101000
101000100
010010000
101000000
110000110
001100010
011111101
100000010
