00001100010
11100110110
11000100100
10110100110
01000110111
01110000000
10111010011
01111100100
00000110011
10000101010
00111011011
01011100110
10111001101
00010100110
01000110011
01101100110
11100111011
11001110101
11100100011
10101111101
11101101011
01101110110
00010110111
00010010110
00000010010
10000111001
11010010110
00111000110
00101001000
00010100010
00100111000
00100001111
10011010000
01110101101
00100100110
00101010110
11111011000
01110011101
00010000100
00100001011
11110111000
01100101000
10011100010
01101000110
10111000110
00011100010
01011010110
11001111111
10101001011
00011110011
10100000000
10010001000
10000001010
01111101011
11111101111
11100110110
01011011100
01000110011
11000110011
10011001000
00100110000
01101111101
11000011110
10100000110
11000110111
10000001110
10110100110
11101100110
11111011011
00101111111
00110111000
00110011000
10010000100
10001100000
11101101011
11010000010
00000111111
00010011110
11011011110
11110111000
11011011110
11000100000
10101000000
01000110001
01000100100
01000001100
11001110011
10011000000
11000010110
00110100000
01101101111
01110001111
01111101111
01011000110
11010010110
00100101101
01111110110
01101010011
11111001011
00000101110
00110100011
00001100010
00110010011
01101101000
01000110111
01100011011
01000011010
11100010100
00000111111
01011101010
10000000110
11110101111
10111010110
01101000011
01111100100
00111101101
01101110110
10101000011
01001011000
01111110011
11001011010
10001001110
11000111111
11101110000
11110110011
10001110111
01110011101
10111110011
00010101110
11010100100
10110100110
01000011100
01010110101
10010011010
10010001000
00010011000
10110101101
01101011101
00100100000
10101100110
10001101000
11110101000
10100010100
11100101000
11111110011
00100100110
01011101100
11101101101
00111111111
10010000100
11001000110
01110011011
01011011110
11001101110
00010011010
01000101000
10001010110
01001000010
10110001000
01111000000
10000011010
11100110000
00110111101
10010010110
10100001011
00010001110
01010001100
00101010110
00101001000
11001101000
00111110110
11000001010
11000010010
01101000100
01000101000
10010010010
11101101011
00011110011
11001001110
01000100000
00100001000
10011000110
01111010011
01001100000
01110111000
10100010011
10010111101
00111110000
10010101000
01001010110
01001110001
01000010110
01001101010
11000110011
01110110100
11000111001
11010010100
11111010110
01101010110
01100010000
00101111000
01000010000
10110111011
10111001101
01011101110
11111110110
11100011111
10011001100
10011110011
00100110110
10011100100
01100110011
00011101110
10110111101
01100000011
00011010010
10000000100
10111111000
10000010110
10000011000
11011101100
00011010110
01001011010
01001111111
01110110100
01110100000
11000001000
11000101100
00100000110
10011001000
00010010110
10010001100
00101110110
00001101100
00000010110
10110001000
00100110000
00111000011
10110111101
11100110000
01110100100
10010110111
11111001011
01000111001
10110101000
10001000010
00011111011
11111011000
11101000000
11010010110
11110110000
10111001111
01100001000
10001110111
00110010000
01101010100
00011000010
10101100100
11001000010
01000111011
01101011101
00101001111
01010010000
01101011000
10100000011
10011110001
00000100110
00110110011
10110001000
11100101111
10010101010
00111101111
11111110011
10110000110
01100010011
11110100100
00010010010
11101011011
01000101010
01110010000
10101000011
11110000000
11001111001
01111011111
00110100011
11010010000
00010100100
10111000011
00110000110
11100100100
01110100000
01111101011
00000110011
01110100011
01111101011
11010001100
10110101000
10110110011
00100000011
11010110001
10011101000
01110110110
00011000000
11111101011
10111100000
10100110011
01011110111
01001001000
01001000010
01110111011
01110101011
10011110011
10110001000
01110000100
10101011011
11101010110
11010001110
11000010000
01011011100
11000000010
01101010110
10000000100
00000011110
01001010100
10101011000
11001100000
10101011111
10100001101
10011010110
01001100010
11100111011
01000000000
00111111000
10110010110
10100001011
01001100010
10011001110
10001101110
00111111011
11011011010
01000101000
00010011000
01001110101
00111110000
01100010110
11010001110
00101111101
00000011110
00000010110
01011110001
01011001110
10111110110
00101010000
10000100000
11100001101
10010110111
00001010000
11010101110
01010110101
00001000110
00111011111
00011110011
00100000000
10011110001
10011110101
00000010110
11011111101
10010011010
11001101000
10001101110
11010110111
10001001110
11110100110
10010001100
00100010110
11011011100
10010111111
00001101100
00111101101
01101001111
00001101010
00100111101
01100001011
01001101010
01101010100
01000110011
11110010110
11110101111
00101011101
11110011011
11101010000
00100011000
00101101111
01000011110
01101100100
11110011000
01111100011
10001110101
00000010100
00100001101
01011001100
00000100010
00001100100
11100000011
10010000000
00011010100
11111010100
11100010100
01101010100
00100110011
00001010010
01001100010
00011110111
10010110001
10000000100
00000100010
01000001010
00100101000
11111110100
00111011111
00001110111
01100110011
10111001000
01110111111
11100000000
01001001100
11110010011
00001111111
11101001011
11000110111
11011111101
11010000010
01110111111
10010001110
00011000110
01011001010
10100101000
01000101110
00101011011
00110010110
01100001101
11001000100
10000010110
10111001101
00111011000
10100011000
11010000110
00000101000
01010110111
01110011101
01110000011
11001100000
01011100000
00000011110
00110001111
00110000011
10011010010
01001101100
11001000100
10111110011
10001111011
00011001110
00000110011
01000111001
11010100110
00100111101
00101111101
11001001010
00011010110
11010001010
10110000000
00000100000
11000011010
11110111011
00111100000
00110011101
01001000100
10000100100
10111101011
00001100110
01011010110
01101010110
01101110000
10111001101
11111000000
00000001000
10100110000
10100000110
11100001101
01010010110
01000111101
01110101111
10110111011
01001011010
00110010011
11011000010
00100101000
10010100000
01000011100
01011110001
