101001001
101011100
101000110
100111100
010011110
001010110
100110011
111010110
001011001
100101011
010110001
110100001
000110100
011101011
000100110
011100001
100010110
010100011
011011000
010111100
100001001
101100100
011001011
010110110
000011100
010101111
001110110
011110110
101011001
100110001
100011001
010010110
011010100
110100011
100110001
111000111
110001101
101010110
000100100
100111100
000100001
011010001
001110100
001101011
011111100
100110011
010000101
110001001
011010100
011111110
111101001
101011110
110010010
111110010
101001110
110011110
110100101
100000001
101011011
011000011
100110110
111110010
001011001
010110011
000011011
100000110
110100111
100001001
110111100
101001011
011000001
010001101
011011110
110000011
010001101
110101011
111001101
000110110
101001001
101000001
000010100
000000110
110001111
011000001
110000101
001110100
100100100
101011011
111100101
001001011
000111011
000001001
010101011
101111100
010010110
111011010
001100100
011111100
010001011
101011110
