0000001111100
0110010010001
1001110000011
0110011000101
0010110101011
0000010110001
1100011101001
0010000111011
1111000110001
0101100111100
0010000000011
0110001001000
0010001001010
1010011101010
0010011010010
1010010110100
0010000001001
1101011000001
1000011011100
0110111110001
0101000111100
1111000111101
1001110110010
0000000111011
1100000111101
0100011101000
0001011001001
0011100010101
1001110110000
1101100111001
1111001110010
1001000011001
1100110101101
0001101001111
1001001010101
1001111001101
0001011111101
1100001100101
0001011100010
0110001000110
0010000110100
0100110111011
1001010011111
1011111000101
0010000111001
0101010110001
0000000010011
0100110010001
1001000011001
0111010110110
0001000110111
0100000110011
0000100011111
0111010111110
0001010010001
1001100100111
0101011100010
1101000110101
1011111100010
0100011101010
1100101100001
0110010001011
1100101010101
0111011101100
1110111111101
0011011111000
1010000000100
1101000111011
0011111010111
1011110110101
1110001111110
1101101110110
0101100001100
1010100100101
0001000010111
0001001010101
0110100010001
0101010011011
1001011000101
1000011111010
0110111001101
1101011001011
1000010000111
1101000100110
1100011111110
1101000111110
1111100101101
0110010101011
0100001100010
1010100111101
1100110100101
0011110110010
1110110100011
1101011001111
0001100111111
1101001101110
1100111010011
1101101010010
1010011111010
1100111001011
1001100011111
1101111101001
1110101111001
1010010000101
1000100110101
0010100011111
0101001011110
0011000000011
0110011001111
1001001010111
1100011111001
0001010101011
0001111101111
1000111110111
1100001011110
1111010100011
0001011110010
0011000010111
1010001100010
0110110110001
1000111111001
0011101110101
0010011000001
1100010010011
1001100011000
1101001011110
0100001001010
1100111101011
0011111000111
1110111011111
0111011010010
0000111001111
1111101011110
0101000001110
1100000010001
0011100001101
1110010011011
0101001110110
0110010001011
1110001111101
0000001111010
1111110111110
0001001111101
0111111010100
1111111000001
0000011110000
0011001010010
0001011011010
1101011101101
0111001111010
0100011111000
0011100110111
1011000010111
1110110111011
0100011001001
0011010101011
1011000110011
1000000100100
0001101000111
1010011010000
0100111011111
1011011001111
1000001100010
1010111110001
1011100010000
1101101011010
1101101010101
0110100111101
0111110001101
0001111111010
0000001000010
0100110110001
0011110010111
1111011011101
1011001010111
0011001100111
0110100111101
0110101101101
1111001000110
1101110100010
0101001010000
1101010000011
1101011000001
1000101010011
0100110000111
0111000000001
0110111000001
1111110110010
0111100100100
0100000001011
1110010110110
0110001101100
0111110001101
0110100010101
0010011101110
0001101100111
1000001111110
0010010001011
0011011111000
0100000011100
0111000100110
0010001110110
1101111111001
0000111110101
0100111010101
1111100011110
0001101110101
1100110011001
1100010010001
1110111101101
1111111101101
1111100111001
1110100000001
0001100100101
0101011000111
1110001110001
1001000001111
1100111100111
0001101011000
0010100010101
0110010100100
1000001101110
0001100101000
0110100010101
0100101011111
0101011111010
0010010111001
1000001110010
1010111110001
1100010000001
0001100011101
1010111101111
0100011011010
1001110101010
0101001010000
1011110010010
0000010100011
1011011000011
0010000100110
1010110111101
0100111010111
1010010101011
0101111101000
0001101100101
0000011110110
0001101011000
1000010110001
0001110111010
0100110110001
1101010110110
1111011011110
0100001010100
1001100001010
1011101100010
0000110001001
0011110000001
1111001111101
0011101000000
0111011000011
0000000111100
0000100100011
1010101101101
1001001111010
1000111001001
0101011101100
1010011010100
1111000010110
0010100101001
0100100010011
1001000000001
0001000110101
0000100100101
0111100100010
1110010001101
1000110110001
0000100001011
1111101001110
0111111000101
0111010100011
0111100011000
1000111101001
1010101101111
0101011101100
0100001000010
1000000100011
1000111111001
0110111011111
0100111101001
0100110101101
0001111110101
1010101111011
1001010101011
0110101110001
1010010100001
1010011110000
0001000000011
1001100101000
0100000010001
1000110110111
1011110111000
1111000000101
0101010111110
0111001111100
1000110110101
0011010111101
0001001010101
1011111111101
1111101010001
1010000100001
0111110001101
0011011111010
1000110101011
1011111011101
1111101110010
1011111000101
1110001111010
1111011100001
0010000001001
1010101111101
0111011111010
0000111110001
1011101100000
1101000011011
1111010000001
1010001111010
1111111010010
0100101000011
0011101010010
1001111010000
1110111011111
0000111111001
0000011000101
0000010001111
1101001101101
1011011100111
0001001011111
1010001111110
0000110110011
0011000000011
1000111000111
0111101011110
0110101100001
1000010110110
1010100001111
1011011001111
1100001111010
1000111100101
1001101100111
1101011001111
1101110001111
1000100100111
1100010001111
0011001011000
1111010101011
1111010110101
1011110001011
1000100110001
1001101000101
0111010010100
0110010101001
0000111110001
1111111110110
1001100100101
0101111101100
0101111011100
1010001000100
0001100101000
1011101110101
1110011101110
1011010111101
1111101101010
1101110011101
1001110001111
0010010011011
1110101100111
1101110101110
0110010101100
0010110010111
0100100111011
0100000110110
1110000001011
0011101011010
0010111000101
1010001000100
0110000101100
1001110110111
1011100010101
1101000100001
0111100101010
1101000010001
1010001100100
1011011101000
1010001111000
0100100111101
0011010100101
0000001000010
0100101100111
0010000010011
1011001010010
1010000100001
0000100101001
0100111101101
1001111000111
0101001001110
0101011110010
0100011001111
1100000100011
0100100100111
1111001001110
0100010100011
1110010000001
0111111101010
1111100011010
1000001101000
1000010111001
1000111011001
0111100111010
0000110011011
1100111100111
0010110111111
0011011101111
0111111100110
1000011111000
1110001010101
1010001101110
0000100000111
0010010100011
0011111011101
1100001010110
1101111010101
1001100010000
0110001000110
1100001101010
1010000010001
0111000001011
1010111111011
1110000011101
0110010001001
0110011010010
0000000011110
0111100010110
1100011110101
0000001000110
0001010110111
0100110010001
1100001110001
0000001101010
0101011000011
1001011010101
1011010100001
1001110110010
0101011100100
0101000001110
1000001110000
1110010001001
0001101110010
0000010101001
0000100100011
0001001001111
1010110101111
0011101100010
0110110110001
0111110101100
0111100001100
0111000010011
0100111011101
1110101000111
0100100110011
0000001011110
1011101011010
0100101011111
0111111111100
0001011100111
1011101101101
0010100110011
1101010011001
0001110111101
0111101101000
0100011001001
1100000001110
0001101100111
1110101010111
0100110010101
0100101000001
1100101100101
0111010000101
0101010010001
0011010000011
1000011001111
0111001001110
0110000001100
1100111110011
0111100111110
1000110001101
0010100111011
0011101010000
0000011010010
1000101011111
0100100110111
0001010101111
0011000000011
1101000110001
0100111010111
0001101110101
0110001010110
0111101001010
0010010010001
1000111001001
0100100101001
1011011100010
1010010111110
0110010111001
0011000101011
1000110010111
0001010000011
0110101000011
1100111100001
0100000110011
1110001011001
0110010110011
0010001011100
1000010110001
0111011010010
0110101111101
1101101100101
1001011001111
1110100110011
0101010011001
1101111011010
1100111011001
1100111010111
1011100000010
1100011001001
0001011010101
0100011000011
0111010010110
0011010001111
0101110001111
0111110110010
1001000101101
1100010100110
1110101111001
1011010001111
1101110100110
1000000110100
0110011011100
0010000101001
1001001110000
0101101011110
0100100010101
1100001111110
0010100111111
1011111000111
0001100000101
1110000101101
0111101000110
1011001100000
0101101101110
0100001010000
1011011000011
0110110001101
1110100011011
1100011111010
0010011110000
0000000100100
1000100110101
1001101100111
0011110110000
1010001110000
1011101000000
1100010011101
1100111110011
1001111011101
1111111011010
1001001000111
0000011001101
0011100000111
1010001111110
1111111001111
0010001101000
1001111111101
0100111000111
1101100010101
1101000101110
0110111010001
1011100000010
0010111100011
1100100011011
0101110110000
0101011100110
1110101010001
0001110010111
0101100011110
1011000011001
0001100111000
0100110110101
1111010100101
1010100000001
1011000000101
1111010001101
1110111001101
0110101100001
1100000110011
1110011101010
0000000100001
1100110110011
0100111111101
0010110111111
0100100111001
0110010100110
1110010010110
1010001001100
0000110011111
0011010011011
1100100011111
0011100011010
1010110101001
1010100011101
0111110100110
0111101010100
1000000101100
0101000111100
0010111101111
0101111110110
0110101101011
0010101100001
1010001101100
1010010111001
1001000001001
0000110010111
1000001110000
0101001101010
1010010100110
1100011111010
1110011000011
0001000100101
1101100010010
1110110101001
0111101110100
0110011011100
1000111100101
0010111010011
1110010110101
1000000100100
0111011100000
1011010010111
0011110110000
0010111011111
1000010000111
0111011100010
0010110011101
1100001000001
1001101111111
0110111000101
1011000111101
1001101100010
1011100110010
0010011001001
1001101110111
1010010100100
1111100101110
1110001100110
1101010101001
1011110010010
1100010110101
1111011111010
0011000000101
0010001100100
1010110000101
0110010101001
1001111100111
0011000111011
0111000110001
0100110100011
0110101101011
1101000100011
1100010010011
0000010011100
1011000110101
0111000010011
0001101000101
1101010000001
0001001110000
1110111111101
0010100101001
1100001100010
1101110011110
0011001100010
1110101111001
0010010001111
1101001010010
0110001100100
0101110000001
1101010111011
1011110111000
1000000001100
0110011010010
1111101100110
0100000101001
1111011100101
0000100110101
0110101100101
0111110001101
1001100100101
1010001010100
0101001011100
1111111100101
1000111101001
1001011010111
0100000010100
0000010000111
1110110001111
0101111001111
1001101001000
1100000111101
1100111111001
0001000101001
1001111111111
0100001001100
1101010010011
1010100100111
0010111000101
1111000101001
0111100000100
0001110011010
0011001000111
0001100001101
1011000010111
0010000101110
1110010101001
1001000100101
1100100011111
1110010010001
0110000001110
1000100100111
0100010001101
1101001111101
0011101011101
1011100011010
1010001110100
1111110000101
0001011001001
1000111001011
1000000111100
0010001000000
1011111100000
0001000010011
1111000100011
0011001010000
0101111001101
0110011110010
0111011111010
1000100101001
1011010010111
1000001100100
0000010101100
0101110010000
0100111000101
0011011011010
1100000101011
0110100100101
0001010010101
0111001101100
1111100010110
1111011010001
0001001101101
0000100001011
1011101011101
1001000000001
1110101000001
1111101111110
1001011001111
0101000010100
1111100110010
0101010110110
1000000101001
0101011001011
0010111110101
1000101100111
0011001010000
1100110001101
0011100110101
0101111011000
0011110010101
1010000101110
0101010011100
0110000001100
0011011001111
0010100100101
1101001100010
0001011111010
0101000000011
0000111100101
0101001101000
0101010011001
0011011010010
0010100111011
1111101101101
0100100111011
0001010000011
0011110111101
1010101000111
0011111101010
0111100011100
1111000101110
1111000000101
0000011101000
0011000001001
1000000010100
1000110001011
0011111011010
1101111111110
0010010001101
0100111010001
1000111000111
0011111100000
1000011010110
1011000101001
0010110100011
0100111011111
1110011010010
0010110100101
1001101100010
0010011101100
0111000100011
0110001010010
0011010101001
1111000010110
1101111111101
0110101101101
0001010001111
0100100001011
0111000001110
1101001110001
0111000110011
0101001110010
1111111101001
1001101101111
0100111011101
1100111100001
1101110111101
0010100110011
1001111101111
0101011100100
0101010000111
0001101101000
0100110101101
1000001101000
1001010000101
1010110000101
1000010111100
1011111100111
1100111110001
1001010101011
1010110001011
0000101110011
1001001000000
0100010101001
1111101001001
0100111101111
0110101011101
1110001001101
1000011101000
0011100110101
1000000111001
1100110101001
0000011100000
1000000010001
0110011000001
1110011110010
1001001011010
1110010101110
1111001011110
1010110110001
1000101111101
1011000010011
1111101110101
1111101011101
1110100110111
0101001000100
1011000011101
1010010110110
0101100000100
0010010001111
1001001000000
0011100110000
0110101011001
1010000110110
1101110001001
1001100000010
1100110111001
0000101111101
0110001011110
0110000010011
0110010101001
1110010001111
0010000011110
0111101100010
1111011011110
0101010010110
0000110110001
0101110111110
0100110000011
0010010000111
0110001100000
0001100010000
1000000010100
1000111010001
0010011010100
0010111101011
1111101110101
0101110111100
1100111011011
1011011111101
1011010001111
0100000011110
1110011001011
0000110110001
1110101010111
0010001100100
0100001111100
1110110101001
0100011010100
1101110101010
1111010001011
0110010100100
1110010100001
1110110011001
0101110111010
0100000100110
1011011100000
1011100001000
0101111100110
0101101101010
0000001001010
0101111010000
1001011101000
0000000110100
1011001001000
1010011010100
1011011000101
1111100000110
0011101100010
1101101110101
0110010111100
0010111111101
0011100110000
1100110010011
0011011000001
1011100010111
0110000110100
0000100000001
1110111100111
1010110000101
0000111101011
0011100010111
0011111001011
1010001101110
0001001011101
1110011011001
1001010010011
1100010010001
1110101110001
1000101011001
0111000111011
0101100011110
1000001011010
1010110100101
1001110110010
0100000100100
1001101011000
0011110101101
0111111011110
0011000011001
0011010101101
1110001101101
1010101001101
1101010101101
0100010000101
1101101000101
0100101011101
0011111101111
0110000000001
1010000000011
0101101100110
1110000101011
1100011011001
1001011101101
1101001101101
1100010000001
0111001001100
1001101000010
1001101011000
1111010011001
0001110100000
0110010001101
1111000110011
1111111010110
0111010101011
0110011001111
