11000001011
10100100011
10110111100
00000100010
00111100000
01110010101
10010111001
01001101000
00010110001
00111001111
11101101110
00000100101
10100100011
01001000000
10001110111
01010100001
00011100101
00001111101
01010111111
11111011010
01111101101
10111000001
10011101101
10011110010
01101001100
00011100101
01011110010
11101011110
01110101011
10001010011
11110111110
11101010110
11001111010
11100101110
01001110110
11011110101
11110010010
01110110110
11111000011
00100000000
11100001010
11110111010
10011010110
01000010010
11111100110
11101110110
11010010101
00101110000
11010111001
01111101010
10101100101
01110010010
00110100000
11111000011
11000111010
11110110010
00000110010
01001000110
01010100101
10110100100
00001011010
11101000100
10100011011
10101101001
00001010010
11001100111
11100011100
01000111011
01111000101
11110101010
10111001011
00000100001
10011000011
00110111101
11011000101
11010111010
00010010110
11010001101
01100111101
11001010100
01100001011
01110010001
00011011001
11101000100
00111011100
01001010100
01111010101
10101101101
00110000001
11110001001
01001000110
01000011001
00100001111
00101010010
00110100010
00011100001
00110010000
01100000010
11110001011
01010111111
00000010001
11110110110
11000010100
00111110100
10001100011
00100001001
11001111110
10101010011
10111110110
11101111000
10101001111
01011001101
01010011111
10100110001
10001010011
11001010100
00100111001
00000000001
01010111011
11000000111
00100011101
10010101011
01111010110
11110000001
00010011111
10111110110
10001000001
10111110110
00101011010
10111101110
00100001011
10100100001
01100001001
00010100010
01000110110
01110101111
01001000100
10110111110
00100011101
11000101011
00001111010
01011110101
00000111001
00110001101
11110011010
00101111000
00101010000
01000101111
01010111111
10011001001
11011101011
01000110010
11011011001
10000010101
00100110010
00000010101
01111110110
00101011100
11011011010
01100100100
11011001011
11001011100
11011101001
11111100001
10110100110
01011011101
01001001010
01101110100
11110110001
11101010000
01100111111
01010000111
11011100011
11000000111
11001010110
00111010110
00001001101
11110111110
00001000110
10110110110
01000100010
10110000001
11111001001
11011001011
01111100110
01000111111
00001001010
11011011001
01011001101
11111110101
00110110010
10001101011
10110000001
01010100101
01111111110
10110111000
00000010001
10000111101
10100011101
10010110001
