1110101110010
0010111110000
0010010000000
1111110101010
0100001011111
0110100111000
0000001010111
1000011010110
1101101011111
1100101000010
1000010110100
0100001110111
0000100000000
1101110110010
1101110100000
0000011011010
0101001100011
1010101111010
1001110010101
0001000001001
0100011001101
1000101000000
0100010100010
0111010111100
1000000110101
1001100101111
0001000101011
1011000110110
1011111101010
1001000011001
1001010101000
1111001111100
1000000010001
0110010111100
1010011000100
0000101101001
1111000111100
1001101110011
1100000111001
0111001110000
0110001010010
1100001001101
0011110001010
1000111010010
1101000011111
0100000010011
1111001010110
0001111001111
1000101000111
0000110110010
1101100001111
1010010000010
1111001011100
1100101110101
1001011011000
1100110011111
1111100010101
1111010001110
1110110000010
1011110011000
1111100000010
1101110100111
1111101011010
0111001100000
0001001010111
0011011011110
0101111111101
0110111101111
0001011111110
0110101100000
1100101011010
1010100110101
0111101000101
0001101101111
1111101011101
0100010101101
1011011011100
0000100110101
0011000101000
0101111101111
0110111010010
0010010101011
1000111000000
1111101001111
0100000010011
0011101111000
1010110001001
1110000100100
0101100100101
1101010110100
0000101111010
0001110111101
1100000110011
0001100110111
0011011011000
1001111110000
1011111001010
0001100010001
0010010000010
1110010000010
1100010110000
0001100111001
1101100011001
0101100001001
0011010001100
1111011001000
0110010110100
1001000010011
1010010100000
1001111010010
0111110010000
1111001111010
0110110011000
1010010011110
1100100111101
1010011111100
1100100000010
1011110010101
1100100011010
0001001100111
0000000110111
1011101000111
1101010011100
0111000010000
0101101100101
0001011101010
0010110101001
0001011001110
1010100001001
0100011011000
0100001010001
1101111100010
1100001000011
0111111011101
0001100111001
1100101000000
1110011010110
0111100011111
1001110101000
1000111000101
0001001100111
1101000000011
0010110110000
1101101001001
1101010100010
0110000110110
1010111110101
0101110111111
1101000000111
1100001110011
1100010010110
1111001110110
0111011010010
1001111100101
1000101011111
1110110011010
0101011010000
1101000110111
1100111100010
0010011100110
0110000110110
0000000111101
0100100100101
1101101001111
0101100011101
0011110010111
1111110001000
1001000100111
1101111101111
0101001011011
1000010110010
0001111101000
1111000100000
1000001100111
1010011100000
0101011111000
1101011110100
0011001001010
1011001100110
0111101110101
0010111100101
0100110000111
0011000110010
0010101011101
0010011001011
1000100000010
0001110100111
0010111011010
0010111111101
1000100011010
1111011011000
0011001101010
1000101001001
0100001001111
0111111011111
0100011010010
0101000011001
1100111101111
0111010111010
0011010010110
0111011101110
1010001000010
1100110100010
0110100101001
1000001111111
0110011001111
0110111111010
1100011011110
0000101010010
0110011000010
1100001111101
0101000101101
0010010000110
1101101110011
0000001110101
1010101010010
0010100101011
1111011110010
0101000001111
0010000001111
0110111100101
0000001101001
1001000010111
1111001110100
1101100001101
0101000111101
1110000001001
0110000100010
1100010110010
1010100011111
0101111000111
1100011100100
1010011000000
0000001010101
1110011110100
1011001010010
0101011001010
1110011110000
1100000111011
0100110110010
1010010000100
0101001100011
0000010001111
1111111010111
0000001010011
1100011101101
1110111001101
1111010011100
1011100011101
1100110111101
1000110001011
0011110000010
1011000101110
1101111001010
1110001001001
0111110111010
1011001000000
1011010011100
1111010011110
0111011011100
1000000101001
1101110101000
1000111011000
1100000010101
1001000001001
1011011101000
0010100000000
0001010010010
0100100011111
0011011110000
0111000110110
0100011101011
0010100110111
1000110010000
1011000111110
0000101110000
1010101011010
1101110001010
1110010001111
0111000000000
0101010000100
0011011001000
1011110000000
0010000000110
1011111010010
0110111101001
1001001111101
1101110111000
1111110000010
1011001000100
1100010001011
0000010101001
0111000100010
0011111000101
0100001000111
1010010011100
0010110010000
1010111011111
0110000110110
1111101101010
0101100001111
0011001011000
1010111110111
0101111001010
0011111100010
0001010000000
0100111100101
0110001110000
1000010010000
1010110010101
0001110001111
0010100110010
1000011100100
0011100111111
0111011001000
1001101000111
1010101110010
1101011000110
1010011011100
0111111110000
1100101011111
0000110101111
0011010000000
0010111010101
0111111100000
1001110001101
0101110110010
0001001110001
1100000110111
1011001000000
0110110111010
1011111001101
0010100110111
0101100100011
1010011000100
0011011010100
1000010010000
0001111101010
1110001111110
1000100111010
1111111001111
1100101100010
0111001010000
0011110101000
0110100111000
1110101101101
0000100111101
1110001010110
1110101010000
0110110111101
1111110101111
1010101000111
1000011111110
0110110000000
1101001110011
0000011010000
0100101000000
1011101000000
1110110101101
1110101010101
0011111110010
0111101010111
1110010101111
0100111001101
0011000101110
0110011000000
0100111111010
0010101110101
1111111000000
0000011001101
1001010101010
1010110110000
1001010000110
1001011111100
1101001000101
0110010110010
0010010100110
1011010001000
0110101011010
1010000101001
1011000000010
0010100101011
0010001011000
0101010101110
1000111010000
1010001010100
0010001110000
0010010100100
1100011111100
1001101110101
1110011011010
1011011100010
1100011101111
0001011010000
0000000111101
1010111111111
1100110100101
0000001011111
1101100001011
0110001011110
0010101000111
1001010110110
0010001101001
1000100011101
1010110010010
1101110110101
0110000100010
1100110100010
0100011101101
0011110100000
0001111101101
1001100010101
0100010110000
1011011010010
0010010000110
1100111010010
1000011101111
1000000111001
0000111111010
0001101100011
0001111100000
1110110001111
0110011010010
0101111011111
1011000001100
1011101000101
1010000110000
1100000010001
1110011010100
0111100101000
0110111111000
0001000000101
0011000111010
0110000110010
1111010111000
1001110110010
1110110100000
1011111001000
1000111011000
1011101010010
0010110010000
0000010101011
1010101010000
0011001100100
0101011000000
1110101100000
1000011110000
1111110011111
1111101010000
1010110101001
0011011010100
0000111011010
1101101000001
1111110100101
1000111011010
0011000111000
1001110110111
1101000010101
1001001001011
0011010110000
0100100011101
0101100101111
1010001111010
0011000100000
0000010010100
1110111000101
1000111011111
0100000001011
1100110101111
0111101001010
1000000101111
1111101101010
0000101010010
1110010010100
0100110001101
0010111110010
0101111110101
0000011100000
0011111010010
0011101101111
1110011110110
0110100011111
1111111000111
0110011011100
1101101101101
0100111110010
1010101101111
0011101010111
0101111000101
1010010011010
0110110010101
1111101101000
1111010010010
1011000001000
0110010000110
1110010101101
0011101011010
0110101010010
0111011011100
1110110000101
